’ 3111711311 1111511111111111111111

pag. 10,115. 1 tegatur: celebro, 1. 12 55111, 123 1151, 5. 11, 1. 20 51155, p. 13 1. 1111111555 51151111,
p. 15, 15 indignatur 51 551155, Ι. 15 115515, 5. 15, i. 10 55515, 5. 17, 1. 215155115, 5. 18, 1. 22 1151115 ,
p. 25, 110 1551511, 5. 30. Ι. 20 5151115, 5. 31, 12 55 1551, p. 32, 1. 1351511, pag. 35, 1. 18 515555,
p. ³9, Ι. 11, ubi, p. 17, 1. 135555, 5. 55, l. 11, Η5111115, 1. 111511551515, 5. 57, 1. 115111515, 5. 55, l. 12
11515 51155, p. 59, i. 18 551, p. 82, 1. 5555111, p. 91, 1. 5 Rhodope, 1. 15515151, 122 151115 5555, 5. 91,
Ι. 5 Lysa ; p. 98, 11 1511511511, p. 100,1. 15 iamiamque 1111551, p. 111, 1. 13 1151155555, p. itsspi. 15
opesque p. 121, 1. 2855115, p. 133, 15 21511111, pag. 111, 12 551551, p. 151, 1. 151551155, 5. 153, 1.
20 parantum, 1. 215155551551, 5. 157, Ι. 15 qui 1555, 5. 150, 1. 5 fragrantia, p. 151,1 95511115, p. 155,
l. 11 51111155, pap. 150, 1. 1111515 115515. 171, 15 55111115, p. 172,18 rogavit ,5. 173, 18 511,1 13
51511111, p. 188, 1. 19 crepitans , 5. 191, 11555115555,1 11 11515 51115, 5. 102, 1. 5 statusque ; p. 205 1. 1
55515151, 5. 255, 1. 12 1111, p. 233, 1. 1551555, 120 15551155, p. 211, l. 7 51511111, 5255, 1. 5 155551, p.
257, 1. 5 11155111, 1. 7 35551151, p. 251121351515, p. 270 1. 10 55151155, p. 272, 1. 21 15551151, 5. 293
1. ss. 11515 51 ibid. 155511, p. 300, 1. 10 5511515, p. 303, i. 15 pugnis , 5. 307, 1. 11 contusa, l. 22151111
1511, p. 317, 1. 5 15115, 122 15551 praeclari ; p. 318, 1. 555, p. 333, 15 551515, 5335151151, 5. 350,
1. 5 sternuntque, 373, 1. 11 anima pulsa; p. 375, 1. 19 55155 5555, p. 382, 1. mandensque ; p. 385,
1. 2 15555, p. 307, 15 imitantibus ; p. 105, l. 35555151, p. 110, 1. 21 51511555, p. 113, 1. 3 cohors Domino.

 

